-0.067956
0.084515
-0.050933
-0.142176
-0.176555
-0.028163
-0.079718
0.033177
0.144215
0.009089
0.157668
0.037614
-0.189763
-0.118409
-0.024971
0.065412
-0.151080
-0.055436
-0.107746
-0.056716
-0.082004
0.077583
0.009008
0.007195
-0.085052
-0.234466
-0.082363
-0.064819
0.082071
-0.109966
0.120360
0.132876
-0.196741
-0.115917
0.065934
0.102827
-0.126727
-0.040962
0.241589
0.008701
-0.118093
-0.026875
0.063978
0.304567
0.210959
-0.082899
-0.025396
0.026190
0.137093
-0.268012
0.059184
0.196462
0.166237
0.116178
0.057254
-0.084032
0.096332
0.243907
-0.226397
0.023589
-0.014976
-0.127189
-0.098456
-0.033851
0.202931
0.082943
-0.121878
-0.182849
0.133768
-0.114243
-0.022776
0.152928
-0.079565
-0.124211
-0.264762
0.089098
0.271421
0.120645
-0.150374
0.063254
-0.082190
-0.097886
-0.086808
0.005147
-0.135551
-0.048408
-0.029551
0.029635
0.154861
-0.031910
-0.022756
0.190994
0.063122
0.001303
0.058187
-0.016257
-0.014658
-0.086099
-0.091289
0.024675
0.122553
-0.250400
-0.024169
0.070740
-0.185909
0.198558
0.062648
-0.016596
0.010990
-0.067759
-0.080635
-0.011262
0.254131
-0.283609
0.322453
0.101189
0.013272
0.159632
0.114034
0.059320
-0.043541
-0.067830
-0.002397
-0.119056
0.030494
-0.029016
0.049776
0.027466
