-0.135184
0.111972
0.044401
0.003409
-0.065820
-0.005603
-0.010268
-0.036405
0.180585
-0.001652
0.144387
0.019812
-0.191134
-0.029360
-0.091837
0.082112
-0.123811
-0.074131
-0.072637
-0.098680
0.057379
0.072329
0.090560
0.083532
-0.169816
-0.339493
-0.073338
-0.133553
0.015349
-0.108398
0.038577
0.064570
-0.171833
-0.064240
0.002199
0.045684
0.052326
-0.045909
0.205241
-0.005519
-0.030386
0.066087
0.044884
0.346688
0.117094
0.021197
0.075242
0.000397
0.167005
-0.244207
0.087116
0.094102
0.079172
0.033601
0.113029
-0.098556
0.019952
0.195093
-0.242309
0.174886
0.029793
0.038352
0.007645
-0.017652
0.177860
0.083874
-0.119555
-0.133343
0.009400
-0.161655
0.048430
0.067212
-0.104406
-0.195684
-0.230954
0.156509
0.376893
0.200465
-0.147530
0.024621
-0.094471
-0.044952
0.034601
-0.028031
-0.103159
-0.027742
-0.150567
0.067952
0.190101
0.075066
-0.076025
0.280894
0.026411
-0.044465
-0.032702
0.046564
-0.206642
0.021663
-0.085989
0.043656
0.012775
-0.030139
0.000616
0.038639
-0.154365
0.106880
-0.098439
-0.025985
-0.079233
0.024193
-0.229290
-0.013824
0.142222
-0.263037
0.139851
0.113217
0.042707
0.171814
0.055848
0.013387
0.054968
0.053364
-0.033386
-0.079870
0.118400
-0.044417
0.078102
0.016622
