-0.059131
0.140376
-0.035129
-0.049876
-0.124719
0.075938
-0.038777
-0.074484
0.233972
0.010677
0.187488
-0.026876
-0.293660
-0.052685
-0.101372
0.085038
-0.227457
-0.072381
-0.069223
-0.088351
0.079764
0.057207
0.041592
0.091736
-0.159820
-0.316139
-0.060816
-0.095359
0.133644
-0.193040
0.057632
0.099851
-0.190383
-0.037142
-0.009716
-0.003082
-0.010777
-0.111717
0.225722
0.035575
-0.064820
-0.011874
-0.012829
0.276993
0.096897
0.034021
0.076836
-0.107543
0.050351
-0.257505
0.022418
0.274988
0.008471
0.040022
0.001933
-0.174018
0.030618
0.083353
-0.235663
0.163290
0.104291
-0.055440
-0.081847
-0.029638
0.117854
0.077792
-0.084176
-0.190333
0.129068
-0.209893
-0.040354
0.091566
-0.063339
-0.209791
-0.237067
0.002104
0.419896
0.184266
-0.199858
0.012666
-0.125298
-0.078665
0.056464
0.048531
-0.109667
-0.072535
-0.138887
0.079974
0.201564
0.035843
-0.026249
0.281066
0.110469
-0.060563
0.032163
0.077885
-0.112871
-0.015343
-0.032485
0.028990
0.061141
-0.120048
-0.031464
0.075542
-0.172824
0.233118
0.006411
-0.105616
-0.020952
-0.055083
-0.152505
0.004401
0.268349
-0.284808
0.186829
0.190374
0.106575
0.177508
0.026065
0.154038
-0.003941
-0.044278
-0.084234
-0.152421
-0.039974
-0.095997
-0.003864
-0.011190
